%YAML:1.0
aruco_bc_nmarkers: 5
aruco_bc_mInfoType: 0
aruco_bc_markers:
   - { id:728, corners:[ [ -435., -75., 0. ], [ -285., -75., 0. ], [
       -285., 75., 0. ], [ -435., 75., 0. ] ] }
   - { id:942, corners:[ [ -255., -75., 0. ], [ -105., -75., 0. ], [
       -105., 75., 0. ], [ -255., 75., 0. ] ] }
   - { id:766, corners:[ [ -75., -75., 0. ], [ 75., -75., 0. ], [ 75.,
       75., 0. ], [ -75., 75., 0. ] ] }
   - { id:261, corners:[ [ 105., -75., 0. ], [ 255., -75., 0. ], [ 255.,
       75., 0. ], [ 105., 75., 0. ] ] }
   - { id:975, corners:[ [ 285., -75., 0. ], [ 435., -75., 0. ], [ 435.,
       75., 0. ], [ 285., 75., 0. ] ] }
