%YAML:1.0
calibration_time: "Mon Sep 23 13:16:18 2013"
nframes: 10
image_width: 640
image_height: 480
board_width: 9
board_height: 6
square_size: 2.5000000372529030e-02
flags: 0
camera_matrix: !!opencv-matrix
   rows: 3
   cols: 3
   dt: d
   data: [ 1.1610931425913145e+03, 0., 2.8249764599202427e+02, 0.,
       1.0822784293759639e+03, 2.4379070934984546e+02, 0., 0., 1. ]
distortion_coefficients: !!opencv-matrix
   rows: 5
   cols: 1
   dt: d
   data: [ 2.8607934016153336e-01, -2.9449940407713542e+00,
       2.7354121913733325e-04, -1.9639393303191800e-02,
       1.0213728799112523e+01 ]
avg_reprojection_error: 7.6368387164466633e-01
per_view_reprojection_errors: !!opencv-matrix
   rows: 10
   cols: 1
   dt: f
   data: [ 2.96658844e-01, 4.58999604e-01, 3.79198581e-01,
       6.38969660e-01, 1.04759562e+00, 1.51258576e+00, 7.83353329e-01,
       6.95902765e-01, 5.55430174e-01, 4.35398251e-01 ]
# a set of 6-tuples (rotation vector + translation vector) for each view
extrinsic_parameters: !!opencv-matrix
   rows: 10
   cols: 6
   dt: d
   data: [ -3.3075083999328951e-02, 1.6267147744580621e-01,
       4.2738021534879586e-02, -5.7201288141238205e-02,
       -9.7709853509464359e-02, 7.9878249666225298e-01,
       -9.4265434854045746e-02, 1.6285091671797672e-01,
       1.5854725204944960e-02, -6.7603052621984461e-02,
       -8.8315368359060301e-02, 8.4167454374381045e-01,
       -1.4728710740875245e-01, 1.6309680103457201e-02,
       -3.4171390536277088e-02, -7.6405552424494649e-02,
       -9.1463123685230102e-02, 8.6676829007319833e-01,
       -1.6161030540379681e-01, -9.7865551629859449e-01,
       8.0274129105957256e-02, -3.1725307770960956e-02,
       -9.9995719254970958e-02, 7.8478398021418649e-01,
       7.9310091806939653e-01, -7.5726779608902270e-02,
       -1.2852036394080644e-02, -5.2318816836774175e-02,
       -8.6499950656955885e-02, 5.9369586954702391e-01,
       7.9350842026182894e-02, -3.0014309418038942e-01,
       4.8545355273968568e-02, 4.2448992552432910e-02,
       -9.7957759267781983e-02, 7.2210944234503927e-01,
       6.3340920516800181e-02, 1.1991689127058582e+00,
       2.0452377417534620e-01, 9.1810149570942228e-03,
       -6.4559782591759374e-02, 7.6492610272953510e-01,
       -1.1384070013701626e+00, -9.2824912322238301e-02,
       -1.6516753467024553e-01, -1.7465168121097313e-01,
       1.0668239454648287e-01, 8.8399363271397258e-01,
       -1.1242961238487719e+00, -1.6096737974524941e-01,
       -1.5225077911178775e-01, -1.0859392738605207e-01,
       9.0604217863077541e-02, 9.0632335638759487e-01,
       -2.7697810118237454e-01, -4.1435279417180160e-01,
       -4.2535612532557138e-02, -3.8851713226103861e-02,
       -5.7481400712914320e-02, 7.7660432742630015e-01 ]
image_points: !!opencv-matrix
   rows: 10
   cols: 54
   dt: "2f"
   data: [ 1.98676147e+02, 1.10515747e+02, 2.34295334e+02,
       1.11465683e+02, 2.70353333e+02, 1.12281868e+02, 3.07000916e+02,
       1.12873360e+02, 3.43453003e+02, 1.13706276e+02, 3.80403015e+02,
       1.14596542e+02, 4.17877563e+02, 1.15604027e+02, 4.55815460e+02,
       1.16556076e+02, 4.93689880e+02, 1.17462448e+02, 1.97336166e+02,
       1.44507202e+02, 2.32578491e+02, 1.45495895e+02, 2.68654449e+02,
       1.46432449e+02, 3.05321533e+02, 1.47290619e+02, 3.42064941e+02,
       1.48272598e+02, 3.78711365e+02, 1.49341141e+02, 4.16397217e+02,
       1.50427582e+02, 4.54181702e+02, 1.51515579e+02, 4.92175568e+02,
       1.52532059e+02, 1.95663300e+02, 1.78527222e+02, 2.31078674e+02,
       1.79563385e+02, 2.67106049e+02, 1.80641846e+02, 3.03774902e+02,
       1.81649384e+02, 3.40450073e+02, 1.82779419e+02, 3.77330200e+02,
       1.84071167e+02, 4.14800049e+02, 1.85331543e+02, 4.52648132e+02,
       1.86503601e+02, 4.90543518e+02, 1.87613068e+02, 1.94077469e+02,
       2.12695145e+02, 2.29314911e+02, 2.13847992e+02, 2.65418793e+02,
       2.15203705e+02, 3.02259247e+02, 2.16422134e+02, 3.38971802e+02,
       2.17608688e+02, 3.75716827e+02, 2.18942017e+02, 4.13398499e+02,
       2.20308182e+02, 4.51264099e+02, 2.21566986e+02, 4.89244598e+02,
       2.22871185e+02, 1.92269852e+02, 2.46738327e+02, 2.27594711e+02,
       2.48331955e+02, 2.63694214e+02, 2.49538483e+02, 3.00564056e+02,
       2.50917923e+02, 3.37421844e+02, 2.52375275e+02, 3.74294281e+02,
       2.53673721e+02, 4.11875458e+02, 2.55309525e+02, 4.49781158e+02,
       2.56580048e+02, 4.87801971e+02, 2.58138580e+02, 1.90431686e+02,
       2.81070953e+02, 2.25978729e+02, 2.82450989e+02, 2.62287567e+02,
       2.84044312e+02, 2.99166901e+02, 2.85500336e+02, 3.35759277e+02,
       2.87054626e+02, 3.72713989e+02, 2.88546967e+02, 4.10422150e+02,
       2.90132202e+02, 4.48422302e+02, 2.91607727e+02, 4.86354523e+02,
       2.93370453e+02, 1.88264114e+02, 1.29468292e+02, 2.22101562e+02,
       1.29340469e+02, 2.56371460e+02, 1.29059555e+02, 2.91259033e+02,
       1.28728836e+02, 3.26015320e+02, 1.28527054e+02, 3.61217041e+02,
       1.28504227e+02, 3.96808411e+02, 1.28439468e+02, 4.33079437e+02,
       1.28416534e+02, 4.68847931e+02, 1.28323807e+02, 1.87495880e+02,
       1.61684158e+02, 2.21108978e+02, 1.61577057e+02, 2.55487869e+02,
       1.61450195e+02, 2.90372131e+02, 1.61320343e+02, 3.25373932e+02,
       1.61222885e+02, 3.60407532e+02, 1.61279984e+02, 3.96270203e+02,
       1.61326126e+02, 4.32049103e+02, 1.61344284e+02, 4.68099121e+02,
       1.61382584e+02, 1.86618027e+02, 1.93941345e+02, 2.20399780e+02,
       1.93981964e+02, 2.54579178e+02, 1.93887497e+02, 2.89595245e+02,
       1.93867935e+02, 3.24517761e+02, 1.93966660e+02, 3.59710175e+02,
       1.94027939e+02, 3.95372681e+02, 1.94189758e+02, 4.31426605e+02,
       1.94303696e+02, 4.67353851e+02, 1.94443497e+02, 1.85769745e+02,
       2.26489639e+02, 2.19391327e+02, 2.26541687e+02, 2.53832886e+02,
       2.26645157e+02, 2.88883636e+02, 2.26724152e+02, 3.23914093e+02,
       2.26869965e+02, 3.59008728e+02, 2.27007629e+02, 3.94836090e+02,
       2.27296402e+02, 4.30801727e+02, 2.27504944e+02, 4.66905273e+02,
       2.27701019e+02, 1.84764435e+02, 2.58743591e+02, 2.18567856e+02,
       2.59084076e+02, 2.53025864e+02, 2.59319153e+02, 2.88149841e+02,
       2.59498169e+02, 3.23214417e+02, 2.59735870e+02, 3.58339752e+02,
       2.59949585e+02, 3.94259735e+02, 2.60318237e+02, 4.30307190e+02,
       2.60539429e+02, 4.66359039e+02, 2.60887634e+02, 1.83891724e+02,
       2.91355896e+02, 2.17813248e+02, 2.91629272e+02, 2.52312973e+02,
       2.91934570e+02, 2.87514252e+02, 2.92341003e+02, 3.22538788e+02,
       2.92575134e+02, 3.57743591e+02, 2.92898285e+02, 3.93648865e+02,
       2.93258606e+02, 4.29716614e+02, 2.93680695e+02, 4.65787933e+02,
       2.93997437e+02, 1.79430557e+02, 1.29300064e+02, 2.12864487e+02,
       1.28159760e+02, 2.46432343e+02, 1.26768593e+02, 2.80459045e+02,
       1.25412392e+02, 3.13899750e+02, 1.24249374e+02, 3.47306610e+02,
       1.23431320e+02, 3.80752808e+02, 1.22506714e+02, 4.14406769e+02,
       1.21627586e+02, 4.47606262e+02, 1.20774467e+02, 1.80376633e+02,
       1.59877869e+02, 2.13605957e+02, 1.58646408e+02, 2.47491104e+02,
       1.57364197e+02, 2.81487732e+02, 1.55965530e+02, 3.15257233e+02,
       1.54797165e+02, 3.48552338e+02, 1.53970490e+02, 3.82404266e+02,
       1.53226608e+02, 4.15915558e+02, 1.52319412e+02, 4.49351074e+02,
       1.51443558e+02, 1.81088226e+02, 1.90787186e+02, 2.14584763e+02,
       1.89526169e+02, 2.48449722e+02, 1.88257385e+02, 2.82675781e+02,
       1.86803589e+02, 3.16466431e+02, 1.85704926e+02, 3.50111145e+02,
       1.84752563e+02, 3.83891937e+02, 1.83851669e+02, 4.17661530e+02,
       1.82981781e+02, 4.51118500e+02, 1.82172852e+02, 1.81736679e+02,
       2.22259964e+02, 2.15396713e+02, 2.20721069e+02, 2.49505737e+02,
       2.19501480e+02, 2.83900787e+02, 2.18255600e+02, 3.17829773e+02,
       2.17102539e+02, 3.51528503e+02, 2.16060120e+02, 3.85608795e+02,
       2.15155029e+02, 4.19477203e+02, 2.14264526e+02, 4.53192596e+02,
       2.13336487e+02, 1.82438889e+02, 2.53473984e+02, 2.16290970e+02,
